3
6 0 1 2 10 11 12
5 0 1 9 14 13
4 0 1 2 5
3
5 4 1 2 3 6
7 4 1 9 14 15 16 17
5 4 1 9 14 13
3
4 5 2 3 7
6 5 2 10 9 14 13
4 5 2 1 0
3
6 6 3 11 16 21 25
6 6 3 2 10 9 8
7 6 3 11 16 15 14 13
3
4 7 3 2 5
3 7 3 6
6 7 3 11 10 9 8
3
7 8 9 10 11 16 21 25
6 8 9 10 2 3 7
6 8 9 14 15 16 17
3
5 12 11 10 2 5
6 12 11 16 15 14 13
4 12 11 16 17
3
6 13 14 15 10 11 12
5 13 14 19 20 24
6 13 14 15 20 21 22
3
6 17 16 11 10 9 8
5 17 16 11 3 6
4 17 16 21 25
3
6 18 19 14 9 1 4
8 18 19 20 15 10 2 3 6
5 18 19 20 21 22
3
5 22 21 20 19 23
4 22 21 16 17
5 22 21 20 19 18
3
5 23 19 20 21 22
7 23 19 14 9 10 2 5
7 23 19 14 15 16 11 12
3
4 24 20 21 22
5 24 20 15 14 13
7 24 20 15 10 2 3 7
3
6 25 21 20 15 14 13
5 25 21 16 11 12
6 25 21 16 11 3 6
-2
